46087
28257
22702
14080
18445
21364
19750
14485
10870
11113
15963
11626
14106
16074
11102
13828
14175
12688
13197
11632
8685
10017
9564
8474
8674
8375
9495
6996
7938
9188
7499
9323
4780
8799
7760
6815
7536
5732
5106
4870
7344
3498
4404
5528
5911
5568
6012
4072
3899
4703
4421
4897
3706
4409
4640
3997
4378
4309
3649
3236
2937
3495
3768
4103
3562
3668
3769
2574
2269
2780
3441
2870
2879
2607
2451
2500
2743
2640
2386
1132
1394
2039
1722
1881
1337
1155
1470
1054
1059
1204
800
1044
926
593
744
535
409
294
174
128