50001
26594
23081
20564
17264
16052
16864
13499
14622
14309
12373
13657
12938
12855
10781
8189
11284
11404
9714
10373
9539
5453
8967
9619
8351
8803
8131
7646
7128
6884
6873
7926
7876
6396
5920
5107
5813
5384
6831
5996
5206
6054
5192
5040
5898
5015
4583
5392
4178
4964
4506
4372
3385
3470
4175
3545
3549
3803
3179
3332
3284
3589
2890
3471
3037
2964
3179
2779
2459
2382
2531
1962
2481
2309
2009
1582
1521
1829
1564
1640
1639
1769
1526
1329
1295
1112
1203
911
966
919
600
813
698
492
480
357
343
238
177
99