40275
23038
20719
15619
14982
13653
14835
13469
11132
11563
11189
11771
11251
10889
10242
8189
10271
9652
9864
9105
8980
8476
7372
8069
7403
7306
7619
6943
6089
6772
6091
5976
5481
4787
5744
5350
5669
5748
5131
5423
5480
4962
5192
4076
4471
5015
3706
4556
4461
3628
4039
4242
3784
3309
3957
3870
3549
3409
3179
3067
2955
2784
2637
2417
2746
2569
2136
2638
2241
2661
2215
2048
1865
1836
1870
1582
1595
1707
1276
1527
1408
1338
1112
1223
1036
1018
901
985
842
836
720
680
473
550
399
362
343
208
117
80