50001
21564
26256
20564
21068
14298
18341
15029
13502
15565
15989
12373
13252
13552
11272
12954
11284
10030
9714
9737
9631
9000
9344
9619
8439
7014
9320
8311
8028
6418
8346
6895
7456
6195
6437
7113
6670
6914
6878
5745
5985
5475
6618
5445
5975
5015
4384
5876
3626
4964
4551
4828
4701
4906
3857
4565
3576
4216
4218
3332
3985
3837
2825
3525
2980
2793
2763
2547
2973
2382
2771
2443
2540
2309
2207
1797
1521
1468
1940
1702
1639
1631
1523
1453
1278
897
1203
1276
957
1021
674
834
698
535
551
357
247
259
194
99