48068
20585
23317
19908
17986
18541
19181
16720
16135
18261
15308
14580
16105
13070
11542
12629
12828
11980
11316
9737
9830
5453
9344
8531
8014
9732
9450
9360
7029
8388
6585
6895
8360
5883
6437
7333
5747
6780
7431
6287
6988
5475
6036
5301
6188
5208
5480
5895
5639
5076
4696
4372
5484
4364
3857
3853
4428
3625
3649
3236
3354
4083
3841
3525
3747
3553
2763
2779
3048
3067
2689
2194
2608
2614
2075
1582
1521
1468
1940
1705
2034
1473
1397
1510
1617
1394
734
932
1003
977
932
908
764
735
607
424
299
287
194
109