48228
23038
22567
18522
18737
16594
16764
12921
11132
12934
12373
11771
12539
11487
10242
8189
10533
11464
8604
10416
8250
8476
7532
8531
8351
8352
9407
6093
6364
6884
5756
7207
5794
7110
5920
5350
5813
6342
5963
5631
5362
5188
5192
5301
4471
3942
4583
4843
4613
4330
4048
3647
4668
3515
3957
3545
3549
3475
3179
3663
2955
3146
2637
2900
2461
2969
2954
2429
2464
2661
2301
1522
2238
2067
2064
1582
1525
1786
1564
1640
1470
1261
1503
1329
1325
1018
1203
911
842
757
720
610
667
625
438
376
343
238
177
64