50001
20585
27019
21431
16273
16227
17148
17220
16885
18211
12087
13136
15349
13552
11211
12778
12375
8685
6905
11210
9830
13047
10189
8131
9959
11376
8410
9882
7029
7342
8891
8522
7712
8909
8588
7359
8019
6948
7427
5004
7225
5861
4624
5528
5341
7152
5790
6013
4653
5541
5534
5817
5385
4817
3670
4739
3888
4780
3852
2064
3316
4148
3456
2800
3038
2631
4014
3083
3396
3249
2796
2727
2603
2538
2559
1855
2273
2475
2268
1814
2032
1522
1942
1453
1694
1394
1074
1320
1095
929
739
908
799
549
640
483
423
273
255
151